42556123
42556297
42556298
42556299
42556300
42556334
42557313
42557318
42557325
42557331
42557379
42557497
42557499
42558152
42558156
42558177
42558287
42558303
42558343
42558355
42558378
42558410
42558451
42558465
42558490
42558497
42558575
42558610
42558616
42558638
42558641
42558646
42558649
42558675
42558741
42558784
42558801
42558902
42558924
42558937
42559032
42559097
42559136
42559141
42559192
42559260
42559596
42560076
42561064
42561080
42561099
42561100
42561142
42561497
42561780
42561781
42561936
42561937
42561959
42562213
42562214
42562832
42562911
42562965
42563029
42564054
42564071
42564122
42564125
42564137
42564147
42564150
42564164
42564198
42564241
42564248
42564273
42564281
42564309
42564334
42564341
42564344
42564876
42565076
42565114
42565557
42565559
42565592
42565611
42565612
42566497
42566498
42566499
42566500
42566501
42566502
42566836
42566980
42566981
42566982
42567952
42568357
42568440
42568472
42568494
42568498
42568502
42568504
42568521
42568522
42568525
42568527
42568536
42568539
42568561
42568601
42568602
42568645
42568671
42568769
42568932
42569245
42570461
42570462
