42605267
42605281
42605588
42605756
42606210
42606218
42606298
42606317
42606323
42606335
42606356
42607281
42607522
42607625
42607626
42607627
42607628
42607629
42607668
42607676
42607677
42607678
42607679
42608405
42608474
42608475
42608476
42608477
42609213
42609251
42609305
42609306
42609314
42609329
42609381
42609382
42609383
42609388
42609401
42609403
42609513
42609527
42609539
42609601
42609619
42609641
42609687
42609832
42609970
42609981
42610038
42610200
42610257
42610334
42610698
42611962
42611968
42611979
42612258
42612259
42612463
42612464
42612465
42612466
42613257
42613265
42613430
42613442
42613460
42613461
42613462
42613463
42614202
42614238
42614264
42614284
42614286
42614325
42614369
42614408
42614413
42614415
42614418
42614423
42614438
42614511
42614555
42614800
42614843
42614925
42614947
42615600
42615624
42615625
42617115
42617354
42617355
42617356
42617357
42617358
42617594
42617621
42617655
42618581
42618612
42618621
42618743
42618744
42618765
42618766
42618767
42618784
42618789
42619417
42620267
42620420
42620507
42620529
42620544
42620552
42620578
42620597
42620601
42620616
42620617
42620632
42620652
42620656
42620701
42620763
42620789
42620821
42620876
42620878
42620886
42620928
42620940
42620959
42621029
42621032
42621058
42621466
42621493
42621499
42621610
42621701
42621909
42621920
42621945
42622006
42622416
42622417
42623063
42623170
42623189
42623469
42623567
42623711
42623712
42623713
42623714
42624074
42624075
42624110
42624111
42624114
42624846
42624857
42624896
42624912
42624913
42625040
42625563
42625565
42625573
42625577
42625628
42625640
42625649
42625658
42625659
42625690
42625697
42625703
42625704
42625739
42625750
42625760
42625764
42625793
42625816
42625856
42625864
42625868
42625869
42626062
42626072
42626115
42626275
42626367
42626373
42627154
42627163
42627167
42627179
42627230
42627231
42627407
42627757
42627859
42627932
42627933
42628195
42628196
42628197
42628198
42628199
42628529
42628530
42628554
42629325
42629416
42629468
42629475
42629480
42629483
42630013
42630150
42630188
42630237
42630242
42630261
42630281
42630350
42630354
42630419
42630435
42630443
42630487
42630595
42630912
42632361
42632372
42632373
42632374
42632455
42632830
