42635416
42635429
42635430
42635438
42636327
42636801
42636832
42636838
42636842
42637042
42637602
42637721
42637742
42637745
42637759
42637763
42637765
42637770
42637884
42638279
42638647
42638718
42638738
42638748
42638875
42638898
42638926
42638929
42638963
42638964
42638985
42639017
42639031
42639034
42639043
42639051
42639066
42639094
42639299
42639329
42639345
42639348
42639356
42639395
42639420
42639422
42639559
42641116
42641146
42641255
42641256
42641606
42641631
42642363
42642364
42642368
42642371
42642377
42642381
42642383
42642399
42642400
42642410
42642413
42642414
42642422
42642423
42642424
42642428
42642433
42642437
42642438
42642477
42642487
42642500
42642501
42642502
42642503
42642670
42642862
42643215
42643247
42643304
42643317
42643321
42643348
42643360
42643365
42643382
42643409
42643414
42643498
42643520
42643598
42643606
42643608
42643624
42643644
42643675
42643680
42643727
42643749
42643757
42643893
42644605
42644606
42644614
42644636
42644724
42644727
42647143
42647149
42647564
42647767
42648051
42648052
42648284
42648285
42648293
42648641
42648642
42649135
42649137
42649145
42649154
42649160
42649161
42649173
42649175
42649182
42649186
42649193
42649199
42649211
42649215
42649230
42649282
42649300
42649383
42649394
42655628
42655629
42655630
42655631
42655632
42655633
42655634
42655635
42655636
42655637
42655638
42655639
42655640
42655641
42655642
42655643
42655644
42655645
42655646
42655647
42655648
42655649
42655650
42655651
42655652
42655653
42655654
42655655
42655656
42655657
42655658
42655659
42655660
42655661
42655662
42655663
42655664
42655665
42655666
42655667
42655668
42655669
42655670
42655671
42655672
42655673
42655674
42655675
42655676
42655677
42655678
42655679
42655680
42655681
42655682
42655683
42655684
42655685
42655686
42655687
42655688
42655689
42655690
42655691
42655692
42655693
42655694
42655695
42655696
42655697
42655698
42655699
42655700
42655701
42655702
42655703
42655704
42655705
42655706
42655707
42655708
42655709
42655710
42655711
42655712
42655713
42655714
42655715
42655716
42655717
42655718
42655719
42655720
42655721
42655722
42655723
42655724
42655725
42655726
42655727
42655728
42655729
42655730
42655731
42655732
42655733
42655734
42655735
42655736
42655737
42655738
42655739
42655740
42655741
42655742
42655743
42655744
42656241
42656253
42656269
42656273
42656339
42656344
42656370
42656392
42656412
42656427
42656446
42656448
42656460
42656475
42656478
42656488
42656513
42656519
42656554
42656578
42656597
42656603
42656605
42656611
42656617
42656637
42656683
42656725
42656748
42656771
42656789
42656799
42656851
42657083
42657299
42657352
42657367
42657874
42657886
42657887
42657906
42657928
42658188
42658482
42658927
42658930
42658952
42659916
42659917
42659918
42659919
42659920
42660142
42660144
42660232
42660867
42660881
42660892
42660898
42660902
42660905
42660922
42660929
42660940
42660942
42660988
42660989
42661087
42661088
42661098
42661604
42661636
42661638
42661649
42661730
42661736
42661754
42661772
42661785
42661799
42661827
42661907
42662001
42662088
42662092
42662784
42662791
42663142
42663455
42663461
42663462
42663465
42663536
42664027
42664307
42664308
42664527
42664528
42664529
42664539
42664959
42664960
42664972
42665588
42665680
42666149
42666201
42666291
42666298
42666300
42666303
42666304
42666306
42666330
42666342
42666351
42666371
42666399
42666409
42666412
42666429
42666437
42666439
42666465
42666476
42666487
42666492
42666505
42666553
42666586
42667886
42667899
42667900
42668252
