42539372
42539431
42539443
42539461
42539470
42539484
42539534
42539577
42539600
42539602
42539620
42539633
42539664
42539666
42539687
42539701
42539783
42539859
42539962
42540398
42540459
42540968
42541975
42542049
42542050
42542051
42544634
42545007
42545010
42545015
42546173
42546220
42546634
42546635
42546636
42546637
42546687
42546688
42546693
42546694
42546695
42547508
42547511
42547537
42547572
42547573
42547995
42548519
42548542
42548549
42548556
42548598
42548609
42548649
42548692
42548700
42548731
42548737
42548743
42548754
42548780
42548818
42548840
42549002
42549009
42549200
42549329
42549413
42549902
42549915
42549921
42550689
42550738
42550831
42550847
42551104
42551398
42551399
42551400
42551401
42551424
42551426
42551427
42551467
42552308
42552313
42552318
42552387
42552703
42552704
42552705
42552707
42552708
42552709
42552710
42552711
42552712
42552713
42552714
42552715
42552716
42553031
42553035
42553056
42553057
42553088
42553089
42553090
42553092
42553129
42553205
42553232
42553252
42553265
42553273
42553291
42553304
42553349
42553355
42553370
42553388
42553399
42553607
42553635
42553733
42553918
42553942
