42669238
42669239
42669676
42669690
42669692
42669713
42669716
42669720
42669721
42669763
42671175
42671178
42671191
42671253
42671395
42671551
42671552
42671553
42671554
42671555
42671868
42673711
42673712
42673713
42673726
42675038
42675078
42675083
42675088
42675113
42675114
42675115
42675553
42676351
42676359
42676372
42676412
42676460
42676476
42676636
42676736
42676768
42676776
42676798
42676813
42676816
42676897
42677239
42678147
42678153
42678159
42678168
42678245
42678247
42678291
42678389
42679599
42679600
42679650
42679809
42679812
42679821
42679822
42680719
42680728
42680735
42680737
42680742
42680743
42680745
42680746
42680747
42680852
42680862
42680897
42680898
42680899
42680950
42682404
42682431
42682482
42682485
42682509
42682513
42682518
42682548
42682564
42682583
42682646
42682651
42682690
42682692
42682696
42682715
42682720
42682792
42682845
42682849
42682883
42682910
42682993
42683082
42683105
42683184
42683199
42683245
42683329
42683466
42683523
42683535
42684141
42684271
42684896
42684901
42684908
42685316
42685694
42685695
42685837
42686743
42686753
42686754
42686775
42686778
42686785
42686822
42686858
42686860
42686903
42686908
42686912
42687025
42687029
42687414
42687953
42687968
42688002
42688005
42688031
42688032
42688089
42688152
42688153
42688155
42688209
42688212
42688217
42688244
42688251
42688277
42688289
42688295
42688321
42688441
42688447
42688449
42688477
42688517
42688742
42688748
42688768
42688816
42688840
42689099
42690048
42690049
42690067
42690154
42691162
42691189
42691240
42691282
42691819
42691820
42691821
42691822
42691823
42691824
42691825
42691993
42691994
42692007
42692038
42692158
42692911
42692950
42693091
42693113
42693125
42693134
42693143
42693279
42694036
42694070
42694126
42694137
42694163
42694201
42694210
42694214
42694231
42694238
42694301
42694354
42694393
42694424
42694427
42694430
42694431
42694433
42694482
42694502
42694531
42694609
42694640
42694649
42694728
42694730
42694772
42694828
42694904
42695101
42695692
42695738
42695751
42696304
42696459
42696605
42696606
42696607
42696608
42696609
42696822
42696823
42696824
42696825
42696826
42696827
42696968
42696969
42697201
42697439
42697881
42697892
42697898
42697972
42698433
42698439
42698445
42698451
42698459
42698488
42698529
42698579
42698600
42698625
42698718
42698769
42698807
42698833
42698894
42698989
42699002
42699222
42699484
42699495
42699624
42699873
42699878
42700704
42700746
42700747
42700748
42700749
42700750
42700929
42701130
42701138
