42732723
42732724
42732725
42732726
42733058
42733064
42733065
42733075
42733076
42733078
42733081
42733093
42733094
42734213
42734324
42734334
42734335
42734338
42734353
42734356
42734357
42734358
42734359
42734360
42734362
42734435
42734483
42735604
42735692
42736278
42736279
42736294
42736308
42736314
42740893
42740945
42740967
42740979
42740995
42741071
42741114
42741131
42741151
42741281
42741331
42741354
42741358
42741369
42741436
42741464
42741493
42741522
42742179
42742180
42742181
42742206
42742217
42742221
42742222
42742223
42742225
42742234
42742405
42743229
42743719
42743752
42743753
42743925
42743928
42744798
42744803
42744829
42744852
42744865
42744894
42744897
42745035
42745055
42745743
42745748
42745753
42745779
42745792
42745810
42745851
42745882
42745884
42745892
42745915
42745936
42745944
42746027
42746029
42746037
42746048
42746055
42746096
42746178
42746414
42746440
42746455
42746483
42747182
42747193
42747226
42748281
42748421
42748428
42748429
42748439
42748921
42749698
42749705
42749715
42749717
42749718
42749730
42749731
42749743
42749753
42749762
42749792
42749798
42749801
42749802
42749807
42749814
42749855
42749888
42749889
42749890
42749916
42749918
42749924
42750705
42750901
42750956
42751019
42751078
42751119
42751173
42751305
42751581
42752121
42752123
42752133
42752134
42752153
42752189
42752195
42752207
42752208
42752221
42752258
42752583
42752799
42753286
42753385
42753386
42753387
42753388
42753389
42753722
42753736
42753739
42753775
42753873
42754559
42754561
42754580
42754590
42754611
42754741
42754759
42755432
42755464
42755470
42755487
42755497
42755514
42755516
42755519
42755533
42755542
42755548
42755549
42755589
42755592
42755623
42755639
42755735
42755736
42755779
42755803
42755805
42755848
42755872
42755879
42755882
42755889
42755919
42755927
42755933
42755946
42755953
42755966
42755973
42755985
42755999
42756058
42756064
42756087
42756118
42756137
42756153
42756159
42756169
42756176
42756187
42756262
42756278
42756303
42756364
42756370
42756409
42756410
42756431
42756450
42756744
42756746
42756774
42756803
42756900
42757105
42757121
42757195
42757534
42757839
42757841
42757849
42757856
42758514
42758797
42758798
42758799
42759244
42759245
42759246
42759247
42759248
42759249
42759250
42759251
42759514
42759516
42759517
42759937
42760279
42760360
42761029
42761040
42761067
42761071
42761089
42761121
42761125
42761134
42761148
42761158
42761160
42761216
42761218
42761254
42761288
42761306
42761326
42761415
42761435
42761444
42761460
42761666
42761692
42761762
42762643
42762721
42763783
