42571751
42573238
42573239
42573240
42573247
42573249
42573253
42573254
42573256
42573264
42573458
42574050
42574065
42574140
42574211
42575000
42575099
42575100
42575101
42575249
42575250
42575251
42575252
42575816
42575963
42575985
42576016
42577038
42577254
42577302
42577339
42577354
42577357
42577359
42577390
42577398
42577407
42577411
42577422
42577437
42577453
42577468
42577488
42577490
42577504
42577507
42577578
42577601
42577614
42577841
42578663
42578664
42578665
42578671
42578817
42578821
42579808
42579812
42579830
42580188
42580316
42580317
42580318
42580319
42580341
42580342
42580350
42580411
42580412
42581047
42581082
42581185
42581186
42581187
42581217
42582021
42582033
42582037
42582052
42582119
42582207
42582232
42582255
42582262
42582314
42582319
42582396
42582483
42582487
42582592
42582600
42582641
42583052
42583471
42583880
42584058
42584066
42585695
42585807
42585808
42585809
42585810
42585811
42585812
42585813
42586033
42586034
42586035
42586036
42586037
42586038
42586039
42586040
42586041
42586042
42586043
42586044
42586113
42586114
42586263
42586264
42586982
42587037
42587052
42587083
42587111
42587116
42587158
42587162
42591135
42591269
42591278
42591284
42591296
42591342
42591349
42591478
42591495
42591506
42591571
42591579
42591585
42591593
42591609
42591617
42591638
42591642
42591653
42591668
42591698
42591748
42591764
42591789
42591864
42591878
42591883
42591932
42593102
42593111
42593116
42593119
42593124
42594031
42594032
42594052
42594189
42594637
42594638
42594639
42594640
42594641
42594642
42594643
42594644
42594865
42594873
42594914
42595590
42595753
42595789
42595887
42595890
42596726
42597241
42597245
42597280
42597319
42597333
42597340
42597415
42597435
42597502
42597531
42597536
42597558
42597584
42597598
42597615
42597616
42597639
42597730
42597775
42597783
42597796
42597825
42597849
42597861
42597922
42598289
42598312
42598412
42599109
42599110
42599111
42599153
42599160
42599167
42599213
42600042
42600043
42600044
42600245
42600246
42600247
42600248
42600331
42600613
42600619
42600620
42601359
42601371
42601471
42601472
42601473
42601474
42601475
42601481
42601885
42601913
42601925
42601944
42601950
42601985
42602051
42602071
42602125
42602225
42602280
42602314
42602359
42602389
42602543
42602549
42602596
42603391
42603507
42603508
42603758
