42763966
42764300
42764309
42764334
42764338
42764348
42765702
42765704
42765707
42765712
42765762
42765953
42766132
42766426
42766432
42767024
42767025
42767121
42767122
42767426
42768003
42768006
42768009
42768014
42768016
42768021
42768025
42768040
42768041
42768043
42768045
42768056
42768061
42768169
42768185
42768217
42768223
42769014
42769025
42769038
42769101
42769146
42769187
42769189
42769198
42769225
42769227
42769244
42769264
42769293
42769361
42769418
42769420
42769424
42769431
42769642
42769665
42769669
42769794
42769811
42769877
42769927
42769929
42769977
42770700
42770701
42770703
42770708
42770768
42771837
42771939
42771940
42771941
42772126
42772277
42772280
42773108
42773142
42773183
42773210
42773266
42773267
42773268
42774021
42774049
42774052
42774055
42774080
42774133
42774160
42774165
42774166
42774170
42774241
42774286
42774341
42774381
42774421
42774452
42774630
42774676
42774823
42775003
42775021
42775139
42775871
42775872
42775910
42776127
42777241
42777242
42777248
42777249
42777250
42777251
42777477
42777478
42777702
42777706
42777708
42777714
42778022
42778535
42778538
42778550
42778556
42778607
42778612
42778697
42778698
42778699
42778701
42778764
42778790
42778791
42780022
42780045
42780188
42780220
42780230
42780272
42780280
42780282
42780294
42780326
42780330
42780362
42780416
42780419
42780464
42780608
42780682
42780703
42780734
42780744
42780823
42780844
42780853
42780859
42780861
42780867
42780881
42780963
42780976
42780990
42780996
42781005
42781020
42781042
42781322
42781335
42781348
42781366
42781450
42781463
42781477
42781952
42782101
42782103
42782108
42782139
42782145
42782146
42782147
42782148
42782149
42782150
42782151
42782154
42782159
42782170
42784669
42784687
42784690
42784692
42784697
42784700
42784864
42784871
42784872
42784873
42784970
42784971
42784972
42784973
42785294
42785300
42785562
42785563
42786153
42786155
42786163
42786177
42786187
42786193
42786194
42786213
42786228
42786230
42786293
42787030
42787051
42787063
42787096
42787100
42787116
42787139
42787156
42787216
42787226
42787242
42787246
42787337
42787355
42787367
42787369
42787375
42787428
42787443
42787543
42787550
42787553
42787680
42787684
42787753
42788037
42788039
42788243
42788441
42788731
42788732
42788733
42788734
42788740
42788769
42788870
42789664
42789665
42790130
42790131
42790433
42790445
42790449
42790455
42791345
42791392
42791393
42791394
42791396
42797758
42797759
42797760
42797761
42797762
42797763
42797764
42797765
42797766
42797767
42797768
42797769
42797770
42797771
42797772
42797773
42797774
42797775
42797776
42797777
42797778
42797779
42797780
42797781
42797782
42797783
42797784
42797785
42797786
42797787
42797788
42797789
42797790
42797791
42797792
42797793
42797794
42797795
42797796
42797797
42797798
42797799
42797800
42797801
42797802
42797803
42797804
42797805
42797806
42797807
42797808
42797809
42797810
42797811
42797812
42797813
42797814
42797815
42797816
42797817
42797818
42797819
42797820
42797821
42797822
42797823
42797824
42797825
42797826
42797827
42797828
42797829
42797830
42797831
42797832
42797833
42797834
42797835
42797836
42797837
42797838
42797839
42797840
42797841
42797842
42797843
42797844
42797845
42797846
42797847
42797848
42797849
42797850
42797851
42797852
42797853
42797854
42797855
42797856
42797857
42797858
42797859
42797860
42797861
42797862
42797863
42797864
42797865
42797866
42797867
42797868
42797869
42797870
42797871
42797872
42797873
42797874
42797875
42797876
42797877
42797878
42797879
42797880
42798310
42798313
42798356
42798357
42798360
42798368
42798385
42798386
42798402
42798412
42798457
42798487
42798507
42798596
42798604
42798613
42798629
42798634
42798651
42798678
42798780
42798786
42798825
42799038
42799291
42799484
42799486
42800087
42800088
