42508328
42508733
42509102
42509237
42509238
42509242
42509244
42509246
42509248
42509249
42515543
42515544
42515545
42515546
42515547
42515548
42515549
42515550
42515551
42515552
42515553
42515554
42515555
42515556
42515557
42515558
42515559
42515560
42515561
42515562
42515563
42515564
42515565
42515566
42515567
42515568
42515569
42515570
42515571
42515572
42515573
42515574
42515575
42515576
42515577
42515578
42515579
42515580
42515581
42515582
42515583
42515584
42515585
42515586
42515587
42515588
42515589
42515590
42515591
42515592
42515593
42515594
42515595
42515596
42515597
42515598
42515599
42515600
42515601
42515602
42515603
42515604
42515605
42515606
42515607
42515608
42515609
42515610
42515611
42515612
42515613
42515614
42515615
42515616
42515617
42515618
42515619
42515620
42515621
42515622
42515623
42515624
42515625
42515626
42515627
42515628
42515629
42515630
42515631
42515632
42515633
42515634
42515635
42515636
42515637
42515638
42515639
42515640
42515641
42515642
42515643
42515644
42515645
42515646
42515647
42515648
42515649
42515650
42515651
42515652
42515653
42515654
42515655
42515656
42515657
42515658
42516434
42516435
42516436
42516437
42516438
42516968
42516969
42516970
42516971
42516972
42516973
42516974
42516975
42516976
42516977
42516978
42516979
42516980
42516981
42516982
42516983
42517272
42517618
42517619
42517630
42517631
42517632
42517641
42518277
42518298
42518305
42518306
42518850
42518851
42518852
42518853
42518854
42518855
42518856
42518857
42518858
42518859
42518860
42519693
42519694
42519695
42519696
42519697
42519698
42519699
42519700
42519701
42519702
42519703
42519704
42519705
42520176
42520643
42520644
42520645
42520646
42520795
42520796
42520798
42520802
42521667
42521687
42521688
42521693
42521844
42521845
42521846
42521847
42521848
42522115
42522140
42522413
42523090
42523091
42523092
42523097
42523105
42523117
42523118
42523120
42523129
42523620
42523647
42523711
42523748
42523805
42523806
42523821
42523861
42523959
42523986
42523999
42524013
42524034
42524575
42524863
42524883
42525964
42525970
42526173
42526174
42526175
42526176
42526177
42526436
42526438
42526439
42527393
42527395
42527404
42527602
42527607
42528517
42528518
42528547
42528565
42528612
42528640
42528649
42528672
42528674
42528685
42528698
42528707
42528744
42528745
42528754
42528769
42528821
42528847
42528874
42528906
42528907
42528908
42528952
42528977
42529042
42529060
42529084
42529091
42529113
42529147
42529188
42529203
42529208
42529219
42529233
42529243
42529261
42529307
42529330
42529392
42529407
42529424
42529647
42529910
42530310
42530311
42530330
42530336
42530339
42530447
42531397
42531959
42531981
42531982
42531983
42532039
42532044
42532413
42532414
42532836
42532990
42533000
42533049
42534264
42534449
42534559
42534636
42534638
42534688
42534733
42534735
42534787
42534804
42534880
42534893
42534899
42534925
42534957
42534958
42534998
42535026
42535091
42535797
42535832
42535843
42535854
42535863
42535870
42535912
42535959
42536013
42536071
42536394
42536475
42536710
42536711
42537287
42537288
42537289
42537290
42537647
42537986
42538364
42538461
42538462
42554428
42554434
42554464
42554466
42554467
42554477
42554478
42554501
42554627
42555388
42555409
42555410
42555510
42555881
42555897
