42702141
42702142
42702143
42702144
42702214
42702593
42702602
42702610
42702625
42703762
42704733
42704957
42704958
42705167
42705168
42705169
42705227
42705228
42705235
42706241
42706243
42706251
42706263
42706275
42706281
42706341
42706421
42706422
42707095
42707097
42707105
42707119
42707199
42707227
42707228
42707236
42707249
42707272
42707324
42707344
42707352
42707378
42707434
42707474
42707528
42707581
42707657
42707712
42707766
42707807
42707890
42707923
42707963
42707965
42708007
42708030
42708042
42708512
42708543
42708584
42708593
42708594
42708602
42708606
42708611
42708612
42708644
42708649
42708808
42708971
42709765
42710148
42710149
42710150
42710264
42710471
42710472
42710473
42710474
42710493
42710939
42711292
42711302
42711309
42711319
42711325
42711526
42711527
42711528
42711529
42711530
42711541
42711554
42712403
42712423
42712451
42712463
42712470
42712476
42712486
42712515
42712520
42712545
42712595
42712600
42712624
42712642
42712652
42712936
42713140
42713160
42713233
42713236
42713372
42713389
42713434
42713437
42713444
42713482
42714137
42714139
42714140
42714163
42714164
42714165
42714166
42714215
42714273
42714298
42714310
42714313
42714868
42714869
42714872
42714874
42714875
42715505
42715563
42715570
42715998
42715999
42716000
42716001
42716002
42716003
42716004
42716010
42716025
42716026
42716027
42716075
42716079
42716929
42716934
42716993
42717033
42717034
42717071
42717081
42717091
42717095
42717192
42717194
42717196
42717200
42717206
42717209
42717252
42717253
42717254
42717255
42717678
42718434
42718465
42718476
42718490
42718558
42718568
42718589
42718595
42718614
42718636
42718652
42718655
42718658
42718667
42718671
42718706
42718745
42718769
42718790
42718797
42718814
42718821
42718904
42718916
42718974
42718984
42718986
42718992
42719028
42719060
42719110
42719130
42719152
42719241
42719363
42719806
42720294
42720295
42720309
42720319
42720322
42720351
42720429
42720969
42721116
42721118
42721161
42721225
42721241
42721244
42721253
42721255
42721256
42721272
42721415
42721891
42721892
42721959
42721980
42721983
42722198
42722640
42722642
42722649
42722653
42722670
42722673
42722679
42722689
42722744
42722745
42722875
42722885
42722888
42722889
42723147
42723737
42723739
42723754
42723832
42723919
42723943
42723972
42723977
42723989
42723994
42724019
42724031
42724053
42724163
42724457
42724485
42724934
42724937
42724962
42724998
42725024
42725182
42725733
42725734
42725773
42725778
42726884
42727397
42727398
42727399
42727400
42727401
42727574
42727575
42727590
42727638
42727639
42728255
42728379
42728401
42728414
42728422
42729111
42729130
42729158
42729164
42729168
42729188
42729221
42729267
42729305
42729311
42729313
42729347
42729363
42729411
42729475
42729494
42729502
42729522
42729560
42729643
42730293
42730301
42730634
42731278
42731279
42731309
